0.109079
0.113581
0.113168
0.119527
0.124872
0.128895
0.130146
0.131149
0.131852
0.131516
0.130734
0.129816
0.126968
0.120822
0.112054
0.101679
0.0959817
0.0947251
0.092338
0.104947
0.0913151
0.0901925
0.0890156
0.088084
0.0864435
0.0828309
0.0955891
0.0847923
0.082719
0.079317
0.0767879
0.0737355
0.0807993
0.0749547
0.0674612
0.0645013
0.0626348
0.0596142
0.0618082
0.0585814
0.0521912
0.0498821
0.0471998
0.0437776
0.0447027
0.0425359
0.0402389
0.0384702
0.0358149
0.0323314
0.0357068
0.0357218
0.0382223
0.0345959
0.0345046
0.0357223
0.0356055
0.0372471
0.0346313
0.0350231
0.0341035
0.0351812
0.0355393
0.0372567
0.0351424
0.0352623
0.0345419
0.0366366
0.0367649
0.0392572
0.0357732
0.0356813
0.0342107
0.0372229
0.0368427
0.0392002
0.0363193
0.0356292
0.0330093
0.0348237
0.0353569
0.0377018
0.0346761
0.034757
0.0334336
0.0348504
0.0347903
0.0373303
0.0350068
0.0349868
0.0328455
0.035198
0.0350236
0.0377427
0.0349898
0.0348259
0.0329645
0.0347383
0.035096
0.0366504
0.0352757
0.0349004
0.0331741
0.0349459
0.0348997
0.0376651
0.0347763
0.0353338
0.0340119
0.0364219
0.036487
0.0385869
0.0353755
0.035611
0.0339637
0.0361064
0.0367436
0.0383295
0.0346736
0.0350732
0.0321724
0.0352256
0.0355442
0.0380812
0.0356242
0.0355495
0.0337261
0.0354646
0.0358368
0.0391219
0.0354225
0.0356416
0.0326206
0.0356893
0.0356251
0.0388766
0.0372595
0.0350447
0.0350758
0.0354187
0.0375306
0.035957
0.0371904
0.0339171
0.0353519
0.0353806
0.0380998
0.0356155
0.0355124
0.0337261
0.0353417
0.0354078
0.0383053
0.0359212
0.0364139
0.0344774
0.0367745
0.0363152
0.0392856
0.0368572
0.0356671
0.0328118
0.0353257
0.035784
0.0375474
0.0357581
0.0356199
0.0341646
0.0353347
0.0355087
0.0382594
0.0358725
0.035717
0.0341118
0.0356145
0.035554
0.0382866
0.0354662
0.0359788
0.0328659
0.0355928
0.0355163
0.0374684
0.0354942
0.0356588
0.0335717
0.0353654
0.0355348
0.0379434
0.0353356
0.0354422
0.0327808
0.0355838
0.0357367
0.0376484
0.0354184
0.0355196
0.0334842
0.0357437
0.0357653
0.039774
0.0363974
0.0359039
0.0328192
0.0352832
0.0352548
0.0382566
0.0357985
0.0358993
0.0331579
0.0354654
0.0354419
0.0380587
0.0356465
0.0356471
0.0340136
0.0354279
0.0350829
0.0385028
0.0355027
0.0360836
0.0330872
0.0354241
0.0355262
0.0377473
0.0359855
0.0354941
0.0356124
0.0359387
0.0370802
0.0355578
0.0359861
0.0348326
0.035361
0.0355553
0.0374351
0.0365369
0.0353349
0.0340298
0.0355499
0.0350339
0.0371873
0.0358015
0.0356333
0.0348133
0.0355624
0.0362498
0.0377705
0.0357167
0.0354671
0.0336195
0.0350006
0.0354241
0.038
0.0355759
0.0361001
0.0327368
0.035067
0.0352083
0.0384736
0.035706
0.0357023
0.0331238
0.0349584
0.0351013
0.0372931
0.0354409
0.0353893
0.033771
0.0341792
0.0345476
0.0369422
0.0351775
0.0350053
0.0333939
0.0339121
0.0340257
0.035804
0.0349339
0.0346714
0.0337804
0.0338053
0.0337036
0.0348296
0.0346881
0.0344828
0.0346668
0.0318623
0.0338186
0.0333428
0.035231
0.0344195
0.0342606
0.0332905
0.0331678
0.0329893
0.0340911
0.0339541
0.0339214
0.0341168
0.0313674
0.0328498
0.0328389
0.034999
0.0338083
0.0337324
0.032741
0.032272
0.0323605
0.0323202
0.0334052
0.0334374
0.0333434
0.0315977
0.031938
0.0317697
0.0321439
0.0329452
0.0329965
0.0328622
0.0312056
0.0314965
0.0314356
0.0324072
0.0328108
0.0325611
0.0325986
0.0296838
0.0309261
0.0308416
0.0319788
0.0322333
0.0321572
0.0322253
0.0296323
0.0306519
0.0304273
0.0310237
0.0321239
0.0319485
0.0319984
0.0301634
0.0302488
0.0303028
0.0302213
0.0319669
0.0320748
0.0318333
0.029985
0.0299426
0.0298722
0.0299048
0.0315657
0.0317783
0.0315089
0.0306345
0.0295872
0.029489
0.0297497
0.0311803
0.0314415
0.0313397
0.0294484
0.0292415
0.0291061
0.0290932
0.0310031
0.0308018
0.0307709
0.0288771
0.0288594
0.0288075
0.0288838
0.0304436
0.0305899
0.0303136
0.0285523
0.028502
0.0283538
0.0282579
0.0307954
0.0307332
0.0291546
0.0280389
0.0281114
0.0282722
0.0302285
0.0299771
0.0304591
0.02704
0.0278859
0.0278608
0.0276155
0.0300105
0.0300942
0.028504
0.0275194
0.0274687
0.0272072
0.0295747
0.0293889
0.0277481
0.0268003
0.026799
0.0268807
0.0287967
0.0287454
0.0292997
0.0260691
0.026703
0.0264619
0.0267512
0.0289984
0.0290678
0.0275287
0.0265937
0.0265159
0.0263486
0.0288953
0.028729
0.0270788
0.0265118
0.0264072
0.0265438
0.0288652
0.0288894
0.0271804
0.0265236
0.0263829
0.0230199
0.0146467
