0.101737
0.103413
0.112077
0.117596
0.124035
0.127063
0.129794
0.130126
0.131168
0.129779
0.130499
0.127148
0.126556
0.118828
0.11084
0.100946
0.106069
0.0914924
0.08976
0.0879918
0.0869001
0.0867597
0.0833442
0.0962623
0.0840256
0.0805484
0.079173
0.0775745
0.0775879
0.0852847
0.076334
0.0697413
0.0679501
0.0644529
0.0619746
0.0661808
0.0639222
0.0553651
0.0527356
0.048652
0.0494342
0.0456004
0.0426285
0.0394553
0.0370141
0.0364189
0.0344845
0.0356958
0.03037
0.0290227
0.0262212
0.0297257
0.029431
0.0307262
0.0288323
0.0291607
0.0287647
0.0298863
0.0301954
0.029109
0.0288462
0.0300177
0.0291203
0.0271583
0.0298968
0.0302427
0.0314941
0.0305551
0.0302818
0.030645
0.0279856
0.0314911
0.031516
0.0332883
0.0305553
0.0302509
0.0299935
0.030885
0.0303161
0.0292327
0.0288727
0.0286252
0.0289726
0.0269817
0.0285952
0.0284621
0.0288712
0.0291276
0.0286474
0.0293926
0.0270339
0.0290264
0.0296008
0.0287602
0.0287097
0.0288108
0.0290119
0.0269438
0.0289225
0.0290655
0.0291353
0.0290706
0.0290291
0.0287718
0.0266643
0.0296084
0.0291673
0.0300929
0.0300166
0.0305415
0.0300926
0.0288283
0.0306262
0.0314681
0.032421
0.0300948
0.0312531
0.0299946
0.0292509
0.0289938
0.0296592
0.0296221
0.028499
0.0285165
0.0269767
0.0290693
0.0288811
0.0288258
0.0284917
0.0290811
0.0291999
0.0268259
0.0290695
0.0294532
0.0295176
0.0290893
0.0299949
0.0299306
0.0268591
0.0284624
0.0284975
0.0287749
0.0303083
0.0286552
0.0286057
0.0263744
0.0291705
0.0286206
0.0282902
0.0287572
0.0287322
0.0290619
0.0278856
0.0299414
0.0299676
0.0299478
0.0309679
0.0303338
0.0307037
0.0289315
0.0291922
0.0289297
0.0293186
0.029357
0.0287115
0.0290835
0.0269654
0.0285465
0.0292499
0.0289139
0.029628
0.029517
0.0294071
0.0276489
0.029217
0.0294446
0.0291052
0.0293949
0.0309623
0.0294379
0.0266706
0.0297549
0.0291398
0.0298555
0.0298857
0.0307531
0.029633
0.0269918
0.0291763
0.0293306
0.0294378
0.0300601
0.0306553
0.0296224
0.0265302
0.0289915
0.0288861
0.0293367
0.0307945
0.0299616
0.030808
0.0297327
0.0296038
0.029353
0.0296484
0.0299176
0.0290803
0.0295365
0.0275137
0.028978
0.0292321
0.0289081
0.030017
0.0297868
0.0292671
0.0276716
0.0287345
0.0294222
0.0291285
0.0297659
0.0296052
0.0294158
0.0274113
0.0288623
0.0288091
0.0293517
0.0301463
0.0300874
0.0311339
0.0267396
0.0290197
0.0289681
0.029144
0.0302163
0.0295505
0.0296275
0.028489
0.0295062
0.0290315
0.0291454
0.030102
0.0295891
0.0294452
0.0275744
0.0290724
0.029212
0.0294949
0.0295393
0.0292588
0.0294441
0.0273971
0.0284597
0.0290447
0.0284955
0.0296166
0.0292367
0.0295782
0.027279
0.0286276
0.0286056
0.029043
0.0289864
0.02907
0.0288637
0.0274797
0.0278444
0.0276382
0.0278208
0.0290714
0.0283672
0.0287021
0.0264611
0.0281397
0.027396
0.0271577
0.0287876
0.0280516
0.0280879
0.0265845
0.0270785
0.0275309
0.0271379
0.0282322
0.0280231
0.0281602
0.0261448
0.026745
0.0265921
0.0270515
0.0284713
0.0277577
0.0277073
0.0258052
0.0260205
0.0265761
0.0260919
0.027425
0.0274617
0.0273134
0.0257797
0.0260938
0.0257332
0.0260263
0.0275303
0.0268319
0.0268713
0.0254532
0.0257006
0.0254977
0.025555
0.0269323
0.0266292
0.0268029
0.0247445
0.0247896
0.0249343
0.024868
0.0262442
0.0263025
0.0260417
0.0242834
0.0247267
0.0241815
0.024573
0.0256782
0.0256542
0.026067
0.0241417
0.0243754
0.0238215
0.0240948
0.0253201
0.0260985
0.0252741
0.0234092
0.0236706
0.0235466
0.0237782
0.0255343
0.0253563
0.02488
0.0235764
0.0232726
0.0237957
0.0234176
0.0250771
0.0251517
0.0249385
0.0231889
0.0228282
0.0240907
0.0229611
0.0253977
0.0251906
0.0242143
0.0234683
0.0227259
0.0230041
0.0251924
0.0249648
0.0233591
0.022642
0.0227295
0.0229246
0.0248045
0.0248735
0.0229104
0.0225342
0.0222065
0.0223161
0.0244658
0.0240778
0.0227343
0.0217327
0.0216827
0.0219345
0.0245192
0.0241733
0.0229592
0.0211955
0.0209051
0.0210385
0.0240832
0.0236475
0.0220056
0.0209123
0.0210288
0.0209038
0.024985
0.0233696
0.0219316
0.0207859
0.0204373
0.0203919
0.0239654
0.0231778
0.0214934
0.0201301
0.0207885
0.0202894
0.0231773
0.0228116
0.0224559
0.0201945
0.020366
0.0204671
0.0219197
0.0232443
0.0225611
0.0194226
0.0197521
0.0198159
0.0204431
0.0223905
0.022769
0.0210057
0.0195166
0.0198865
0.0198587
0.0219126
0.0224197
0.0222216
0.0189248
0.019419
0.0198895
0.0192196
0.0225272
0.02252
0.0198598
0.0179976
0.0132721
