0.103718
0.10455
0.113135
0.118746
0.12388
0.12837
0.129894
0.130629
0.132093
0.130517
0.131204
0.128342
0.127029
0.11953
0.110332
0.101801
0.09459
0.090206
0.104465
0.0899197
0.0879376
0.0867013
0.0855799
0.0833941
0.0963318
0.0846996
0.0798104
0.0784682
0.0786721
0.074476
0.0840178
0.0755273
0.068144
0.0655608
0.0628551
0.0604503
0.0558753
0.0607698
0.0597977
0.0506672
0.048011
0.04324
0.0447426
0.0418204
0.039685
0.0361262
0.0345779
0.0300725
0.0319524
0.0302839
0.0299707
0.0301437
0.0296398
0.02948
0.0303233
0.0304259
0.030323
0.0297072
0.0296776
0.0296922
0.0279678
0.0302039
0.0300658
0.0303048
0.0303145
0.030529
0.0306866
0.0293188
0.0318655
0.0319782
0.0317069
0.0311691
0.0318884
0.0313003
0.0287466
0.0322529
0.0318803
0.0334554
0.0305698
0.0298782
0.0284336
0.0295186
0.0294996
0.0297978
0.0297363
0.0293911
0.0294734
0.027894
0.0296688
0.029401
0.0297179
0.0298046
0.0296426
0.0301982
0.0266016
0.0292055
0.0296213
0.0296157
0.0304027
0.0295436
0.0298571
0.0298627
0.0297722
0.0297127
0.0295222
0.0295597
0.0304345
0.0282403
0.0314635
0.0317433
0.0319307
0.0316194
0.0307518
0.0311134
0.0285371
0.0313729
0.0320103
0.0320202
0.029624
0.0286442
0.0289287
0.0294979
0.0296881
0.0292662
0.029535
0.0290239
0.029691
0.0277374
0.0296149
0.0296678
0.029348
0.029397
0.0295345
0.0295895
0.028063
0.029268
0.0301719
0.0300657
0.02964
0.0292163
0.0293499
0.0275272
0.0297706
0.0293278
0.0293637
0.0296945
0.0305853
0.0295237
0.0268673
0.0292387
0.0293528
0.0299246
0.0301917
0.0303061
0.0308268
0.0294275
0.0311249
0.031206
0.0313225
0.0308122
0.0300273
0.0295538
0.0277484
0.0295063
0.0299016
0.0295694
0.0294043
0.0294019
0.0294146
0.0275544
0.0293217
0.0292555
0.0295098
0.029612
0.0296382
0.0292128
0.0275707
0.029582
0.0299983
0.0293119
0.0293317
0.0292789
0.0292631
0.0277976
0.0298206
0.0302157
0.0293858
0.0291903
0.0292331
0.0302414
0.0268873
0.0297228
0.0304079
0.0297458
0.0298155
0.0293113
0.029077
0.0272858
0.0305674
0.0306199
0.031289
0.0313365
0.0299782
0.0295852
0.0263338
0.0294829
0.029282
0.0293295
0.0296413
0.0293005
0.0293114
0.0275021
0.0295007
0.0292308
0.029173
0.0293745
0.0292592
0.0299296
0.0267104
0.0294554
0.0294728
0.0291424
0.0302965
0.0294785
0.029604
0.0266134
0.029797
0.0300961
0.0296878
0.0294252
0.0292056
0.0292855
0.0274945
0.0301375
0.0295353
0.0293874
0.0302651
0.0298875
0.0292792
0.0277903
0.0295133
0.0291893
0.029318
0.0294613
0.0293413
0.0295958
0.0280067
0.0290055
0.0292808
0.0289028
0.0295644
0.0292505
0.0293327
0.0275202
0.0290949
0.0293155
0.0289164
0.0293868
0.0290943
0.029153
0.0275104
0.0287766
0.0285189
0.0284198
0.0290246
0.0285997
0.0286719
0.0267743
0.0280652
0.0281655
0.0277362
0.0283137
0.0283986
0.0284373
0.0264336
0.0278705
0.0276763
0.0275348
0.0281871
0.0280693
0.0281471
0.0262362
0.0271462
0.0272813
0.02727
0.0282035
0.0277598
0.0280247
0.025975
0.0268771
0.0266819
0.026815
0.0276783
0.0275434
0.0275949
0.0257041
0.0268357
0.0263632
0.0262935
0.0272017
0.027212
0.027159
0.0252734
0.0260463
0.0259605
0.0256893
0.0269363
0.0268404
0.0266672
0.0248753
0.0253611
0.0254468
0.0257467
0.0265368
0.0263947
0.0262623
0.0244798
0.0250226
0.0250412
0.0250074
0.0261567
0.0257939
0.0257508
0.0238586
0.0247077
0.0245426
0.0244734
0.0257161
0.0254033
0.0258357
0.0235751
0.0240966
0.024106
0.0239874
0.0252251
0.0251399
0.0251531
0.0234202
0.0236771
0.0238699
0.0236012
0.025165
0.0249118
0.0250286
0.0231569
0.0235799
0.0234069
0.023304
0.0247597
0.0248621
0.0248932
0.0229041
0.0233238
0.0231987
0.0229605
0.0259847
0.0245054
0.0246444
0.0220588
0.0228451
0.0227773
0.022613
0.0247275
0.0247646
0.0230141
0.0224289
0.0224153
0.0222541
0.0253791
0.0243791
0.022622
0.021903
0.0218142
0.0217384
0.0245456
0.0240033
0.0233519
0.0215893
0.0213
0.0214097
0.0232465
0.023563
0.0234136
0.0202344
0.0212724
0.0211919
0.0211715
0.023807
0.0233673
0.0218425
0.0209414
0.0208292
0.020673
0.0227194
0.0228147
0.022897
0.0197342
0.0203069
0.0205421
0.0204569
0.0231363
0.0228626
0.0211252
0.0202532
0.0203023
0.0201734
0.0214195
0.0226832
0.0227598
0.0200299
0.0203307
0.0201768
0.020122
0.0226702
0.0221694
0.0216273
0.0197445
0.0198614
0.0197818
0.0197155
0.0219908
0.0220753
0.02036
0.0196531
0.0194607
0.0195586
0.0205826
0.021632
0.0210596
0.0188049
0.0125673
