0.120133
0.120175
0.129735
0.138658
0.146144
0.151432
0.152882
0.155567
0.158209
0.160296
0.163018
0.163911
0.162292
0.143239
0.139612
0.129419
0.110621
0.106553
0.103687
0.100091
0.0994041
0.098635
0.0974849
0.0941166
0.0930343
0.0919321
0.0915744
0.089897
0.0863708
0.0836626
0.0808373
0.0777008
0.0761583
0.074343
0.071246
0.0670439
0.0634631
0.0601409
0.0582818
0.0553586
0.0537836
0.0521489
0.0494151
0.0455221
0.0424973
0.0411674
0.0398705
0.0388827
0.037382
0.0350641
0.0349058
0.0351972
0.0351841
0.0356472
0.0359099
0.0364094
0.036491
0.0363619
0.0371656
0.0367032
0.0357793
0.0368899
0.0363838
0.0363736
0.0376198
0.0381111
0.0377557
0.0381233
0.0382306
0.0378894
0.03789
0.0380328
0.0378692
0.0379684
0.0385139
0.0383043
0.0385235
0.0386567
0.0380634
0.0361257
0.03583
0.0355907
0.0359664
0.03618
0.0355071
0.0347809
0.0356783
0.035988
0.0352933
0.035036
0.0351983
0.0351955
0.0348598
0.0346415
0.0344924
0.0345748
0.035859
0.0356676
0.0353933
0.0360242
0.0361651
0.0365869
0.0358185
0.0359615
0.0348758
0.0354464
0.0366388
0.037928
0.0378202
0.0382661
0.0375917
0.0376182
0.0377895
0.0375769
0.0376696
0.0383335
0.0391028
0.0379745
0.0363287
0.0353492
0.0364626
0.0360453
0.0350817
0.0348375
0.0355061
0.0346375
0.0355936
0.0359493
0.0345953
0.0347093
0.0351888
0.0348871
0.0353745
0.0357715
0.0371954
0.0350103
0.0363016
0.0364128
0.0353057
0.0354941
0.035852
0.0347321
0.0365208
0.0359142
0.0351703
0.0363752
0.0365898
0.034876
0.0344747
0.0341994
0.0351618
0.0361511
0.0373137
0.0370607
0.0375673
0.0379116
0.0382517
0.038946
0.0383902
0.0379704
0.0364449
0.0357209
0.0364178
0.0364877
0.0360241
0.0346275
0.0346852
0.0348697
0.0344236
0.0347552
0.0340922
0.0351787
0.0348195
0.0360289
0.0357973
0.0354862
0.0356506
0.0351988
0.0365884
0.0355766
0.0351874
0.0353434
0.0357976
0.0362724
0.0347473
0.0353571
0.0343833
0.0344294
0.0341475
0.0363141
0.0360688
0.0359511
0.0367481
0.0358326
0.0354909
0.03477
0.0350407
0.0359748
0.0380439
0.0379513
0.0377907
0.0375609
0.0365532
0.0351513
0.0342727
0.035519
0.0339794
0.034475
0.0349254
0.0348944
0.0347055
0.035179
0.0356637
0.0349679
0.035838
0.0360699
0.0348467
0.0361132
0.0345427
0.0355395
0.0351613
0.034522
0.0340348
0.0344338
0.0344564
0.0343655
0.03712
0.0358342
0.036064
0.0351163
0.0354158
0.035111
0.0354666
0.0368528
0.035324
0.0362246
0.0366888
0.0364753
0.0353642
0.0357105
0.0353252
0.0351217
0.0345149
0.0345246
0.0344094
0.0356266
0.0359423
0.03509
0.035002
0.0356825
0.0353696
0.0348585
0.0350233
0.0344788
0.0352629
0.0351558
0.034458
0.0345261
0.0349542
0.034922
0.0340764
0.0348342
0.0340863
0.0343193
0.0338487
0.033089
0.0336174
0.0329089
0.0335305
0.0322582
0.0325261
0.0324923
0.0321978
0.0319562
0.0324179
0.0315223
0.031599
0.0319471
0.0315189
0.0319648
0.0326798
0.0322669
0.0323353
0.031909
0.0318012
0.0320378
0.0323576
0.0319178
0.0323277
0.0313785
0.0314955
0.0317297
0.0318506
0.0310807
0.0317158
0.0311606
0.0313179
0.0326594
0.0316316
0.0319759
0.0320896
0.0319012
0.0320902
0.0317546
0.0315799
0.0316801
0.0310454
0.0316997
0.0312079
0.0311173
0.0315627
0.0310143
0.0307708
0.0308668
0.0317301
0.0316961
0.0316118
0.0314817
0.0313921
0.0315324
0.0316983
0.0306252
0.0313013
0.030929
0.0310329
0.0310972
0.0305803
0.0307542
0.0303267
0.0305678
0.0304096
0.0311308
0.0309732
0.0305084
0.0307694
0.0314894
0.0307773
0.0306389
0.0306825
0.0303207
0.0308575
0.0300322
0.0305625
0.0298771
0.0296178
0.0290036
0.0290082
0.0289571
0.0285643
0.0289726
0.02949
0.0291998
0.029652
0.0292866
0.0291255
0.0302754
0.0289691
0.0287099
0.0286499
0.0290314
0.0285061
0.0282875
0.0290409
0.0279221
0.0278866
0.0277338
0.0282417
0.0285898
0.0287607
0.028675
0.0287209
0.0282788
0.0286997
0.0281617
0.028023
0.0293144
0.027818
0.0279955
0.0279402
0.0280237
0.0280968
0.02783
0.0271265
0.0288856
0.027516
0.0284101
0.0286765
0.0286817
0.0277357
0.0282569
0.0276352
0.0276545
0.0283078
0.0272653
0.0275364
0.0282851
0.0278938
0.0275945
0.0278345
0.026742
0.0275839
0.027322
0.0278618
0.0273026
0.0271513
0.0275892
0.027757
0.0275151
0.0275251
0.027666
0.0272176
0.0274234
0.0270002
0.0266094
0.0266544
0.027404
0.0265605
0.0268718
0.0265296
0.027395
0.0267283
0.0274921
0.0268181
0.0262335
0.0261932
0.0268604
0.0259991
0.0262679
0.0242699
0.0222579
0.0129311
