0.145123
0.137
0.148593
0.161983
0.169323
0.174878
0.176923
0.177419
0.178561
0.177932
0.177348
0.174971
0.170363
0.155721
0.145435
0.132108
0.124254
0.122603
0.120572
0.11804
0.115944
0.114636
0.114793
0.113162
0.111043
0.109198
0.107797
0.105171
0.10288
0.101684
0.0980559
0.0948531
0.0907557
0.0873815
0.0835888
0.0782381
0.0768365
0.0725807
0.0683675
0.0650299
0.0589349
0.0564761
0.0528787
0.0502989
0.0465714
0.0448123
0.0424044
0.0387103
0.0366184
0.0349276
0.0367995
0.0371589
0.0362224
0.0367543
0.0345202
0.0347359
0.0348706
0.0376131
0.0364438
0.0371409
0.0364301
0.0341672
0.0346023
0.0348214
0.0379022
0.0374492
0.0378363
0.0372488
0.0356155
0.0360086
0.0384837
0.0377969
0.03888
0.0386155
0.037162
0.0370089
0.0388513
0.0398778
0.0388077
0.0384442
0.0349802
0.0354584
0.0350533
0.0378152
0.0377956
0.0367822
0.0375672
0.0355784
0.0358416
0.0355416
0.0379988
0.0388153
0.0381822
0.0375289
0.0354631
0.0351542
0.0388746
0.0386736
0.0381939
0.0372996
0.0362175
0.035952
0.0397764
0.0382319
0.0380972
0.0365972
0.0360131
0.036664
0.0397352
0.0399671
0.0399365
0.0381259
0.0367467
0.0370074
0.0396295
0.0397971
0.0406657
0.0387135
0.0357425
0.0354792
0.03904
0.0381308
0.0381845
0.036483
0.0351068
0.0348099
0.0384699
0.0383996
0.0380806
0.0360852
0.0351528
0.035072
0.0386036
0.0380188
0.0382861
0.0360365
0.035647
0.035402
0.0381105
0.0382952
0.0375974
0.0371466
0.0352298
0.03593
0.038914
0.0389302
0.0388159
0.0369515
0.0354887
0.0352647
0.0385952
0.0387623
0.0393619
0.0378981
0.0369662
0.0366838
0.0401009
0.040103
0.040441
0.0381494
0.0363333
0.0356025
0.0385059
0.0389356
0.0389121
0.0363541
0.0355967
0.035559
0.0385102
0.0387939
0.038269
0.0359942
0.0351362
0.0354599
0.0381409
0.0378084
0.0379586
0.0361867
0.0357139
0.035136
0.0378915
0.037776
0.038234
0.0366189
0.0358062
0.0355902
0.0379906
0.0377733
0.0370906
0.0370626
0.0357465
0.0356441
0.0385237
0.0383843
0.0378985
0.0362009
0.0346186
0.0353462
0.0389346
0.0390984
0.0394794
0.037875
0.0355518
0.0348164
0.0368432
0.0376773
0.037889
0.0370651
0.0347441
0.0349293
0.0366704
0.0372354
0.0384036
0.0369529
0.0353388
0.0352845
0.0381623
0.0383504
0.0379366
0.0378
0.0361574
0.0357362
0.0380619
0.0380369
0.0379513
0.0365569
0.0362376
0.036301
0.0390969
0.0381753
0.0382089
0.0363136
0.035422
0.0364798
0.0381813
0.0380332
0.038966
0.036911
0.0351331
0.0358799
0.0387034
0.0379276
0.0380017
0.0373374
0.0348546
0.0354153
0.0385451
0.038001
0.0372422
0.0369758
0.0348739
0.034891
0.0378379
0.0375688
0.0368641
0.0369963
0.0351057
0.0347213
0.0370807
0.0372843
0.0374617
0.0366024
0.0345833
0.0341877
0.0351045
0.0366192
0.0359048
0.0362033
0.0342404
0.0335584
0.0332908
0.0352564
0.0353036
0.0359098
0.035195
0.0335941
0.0327575
0.0325909
0.0349306
0.0352516
0.0347951
0.0351795
0.032516
0.0323547
0.0324356
0.0352109
0.0349323
0.0359745
0.0347633
0.032446
0.032316
0.0349205
0.0350098
0.0349703
0.0335569
0.0320391
0.0318491
0.0342068
0.034672
0.0351833
0.0333622
0.0313007
0.0313801
0.0333046
0.0340935
0.0338359
0.0337951
0.0316307
0.0309627
0.0312023
0.0343574
0.0330121
0.0338222
0.0330476
0.0304377
0.0309382
0.0323923
0.0323777
0.0328079
0.0332896
0.0310644
0.030534
0.0301237
0.0316553
0.0324782
0.032264
0.0324194
0.0309872
0.0297815
0.0295508
0.0294323
0.0318832
0.0322797
0.0316421
0.0320271
0.0293513
0.0293299
0.0291694
0.0292905
0.031343
0.0316403
0.0309877
0.031292
0.029054
0.0283587
0.0283971
0.0282621
0.0304687
0.0308102
0.0304353
0.0301415
0.0278266
0.0276945
0.0277365
0.0303614
0.0312139
0.0296279
0.0290941
0.0270115
0.026847
0.0269674
0.0292728
0.0292048
0.0293419
0.0298224
0.027682
0.0271603
0.027075
0.0272855
0.0300433
0.0296143
0.0295586
0.0267471
0.0266072
0.026374
0.0260965
0.0284826
0.0289088
0.0288324
0.0280799
0.026213
0.0258988
0.0258595
0.0283521
0.0289076
0.0292884
0.0256749
0.0259196
0.025818
0.0258933
0.0284458
0.0281235
0.0283652
0.0263333
0.0252443
0.0252309
0.0251984
0.028474
0.0279395
0.0279003
0.0243767
0.0245764
0.0243127
0.0245718
0.0275051
0.0275072
0.0273218
0.0257198
0.0243545
0.0245709
0.0242407
0.0265454
0.0273079
0.0268185
0.0263039
0.0239565
0.0237128
0.0237614
0.0269599
0.0263051
0.0266084
0.0259719
0.0236658
0.0238355
0.0236993
0.0264138
0.0261027
0.0261125
0.0252672
0.0206294
0.0139157
