0.119005
0.117641
0.128951
0.138374
0.146186
0.152009
0.152552
0.155461
0.158056
0.159981
0.163446
0.164446
0.162479
0.142708
0.139505
0.129658
0.110641
0.10637
0.103688
0.100351
0.0997522
0.0985397
0.097571
0.0949801
0.093444
0.0923076
0.0911836
0.0898212
0.0862207
0.0835314
0.0812794
0.0777733
0.0760894
0.0744065
0.0718726
0.0668598
0.063042
0.0604081
0.05808
0.0551588
0.0536487
0.0520595
0.0492044
0.0459026
0.0420162
0.0415383
0.0399149
0.0393364
0.0375067
0.0350663
0.0351474
0.0351344
0.0359826
0.035881
0.0362316
0.0360963
0.0366001
0.0364608
0.0373066
0.0360872
0.0366841
0.0358148
0.0365778
0.0378227
0.0375445
0.0381395
0.0381978
0.0377936
0.0387949
0.0380442
0.0380832
0.0379799
0.0383582
0.0378681
0.0386831
0.0382335
0.038251
0.0388276
0.0372294
0.0367835
0.035269
0.0358616
0.0360277
0.0357751
0.0352164
0.035072
0.0358013
0.0359896
0.0359478
0.0348379
0.0353642
0.0349277
0.0350348
0.0354184
0.0346696
0.035185
0.0360037
0.0353894
0.0354319
0.035827
0.0369811
0.0365098
0.0364088
0.0358573
0.0356019
0.0352351
0.0366648
0.0378265
0.0375832
0.0378968
0.0377159
0.0378043
0.0382966
0.0378102
0.0378107
0.0377604
0.038697
0.0378906
0.0360524
0.0350282
0.036551
0.0361223
0.0357288
0.0361398
0.0355041
0.0347269
0.0359038
0.0351314
0.0352923
0.0352085
0.0351563
0.0353693
0.0352617
0.0351919
0.0375194
0.0355211
0.0368806
0.0373955
0.0355227
0.0350476
0.0355129
0.0358142
0.0354211
0.0365859
0.0354898
0.0362846
0.0361051
0.0347723
0.0346131
0.0344638
0.0351606
0.0358333
0.0367018
0.0372358
0.0377335
0.0390341
0.0380808
0.0387167
0.0385753
0.0377934
0.037277
0.0354497
0.0361286
0.0356993
0.0359672
0.0348744
0.0345468
0.0344317
0.033634
0.0349525
0.0340904
0.0343464
0.0347344
0.0357661
0.0349652
0.0346792
0.0355517
0.0349573
0.0361261
0.0356801
0.0348869
0.0346319
0.0349485
0.0358235
0.034907
0.035991
0.0344448
0.0350472
0.0343581
0.0365006
0.0365948
0.0365756
0.0372664
0.0361544
0.0352624
0.0358835
0.0356821
0.036421
0.0384261
0.0390481
0.0380461
0.0380793
0.0361641
0.0351187
0.0351245
0.035401
0.0345138
0.0340135
0.0353514
0.0347555
0.0359117
0.0353621
0.0358492
0.0354014
0.035496
0.0361486
0.034753
0.0361514
0.0348319
0.0363386
0.0354923
0.0345391
0.0346491
0.0347372
0.034893
0.0344868
0.0368628
0.0368169
0.0363584
0.0351957
0.0352469
0.035544
0.0358582
0.0380935
0.0368278
0.035659
0.0366421
0.0355767
0.0344928
0.0352012
0.0348032
0.0351009
0.0346733
0.035151
0.0347186
0.034175
0.0359891
0.0351126
0.0348316
0.0348813
0.0349468
0.0348008
0.0351299
0.0353749
0.0352749
0.0356474
0.0349647
0.0347123
0.0339801
0.0343652
0.0343014
0.0351887
0.0341115
0.0335452
0.0332408
0.0331683
0.0329503
0.0336671
0.0329767
0.0333433
0.0327134
0.0326916
0.0323109
0.0322691
0.0331083
0.0325515
0.0318395
0.0324362
0.0319387
0.032502
0.0324397
0.0319799
0.0333731
0.0326011
0.0325399
0.0328775
0.0328946
0.0321768
0.0324502
0.0327238
0.0326757
0.0319961
0.0319671
0.0308983
0.0317893
0.0314444
0.0323889
0.0318019
0.0317785
0.0318195
0.0322202
0.031815
0.0318604
0.0317515
0.0316726
0.0315923
0.0316739
0.0320588
0.0314204
0.0310316
0.031267
0.0320255
0.0319524
0.0306675
0.0313158
0.0312493
0.0315073
0.0317512
0.0314066
0.0311984
0.0324161
0.0304913
0.030819
0.0311855
0.030953
0.0312178
0.030389
0.0311454
0.0303849
0.0303186
0.0308456
0.031126
0.0302112
0.0311167
0.03058
0.0316051
0.0313512
0.0313533
0.0302754
0.0301545
0.0307046
0.0301372
0.0305056
0.0295665
0.03032
0.029368
0.028829
0.0283937
0.0277676
0.0286232
0.0283382
0.0293493
0.0294653
0.0299832
0.0290555
0.0296312
0.0291536
0.0286656
0.0298707
0.029295
0.0284845
0.0286456
0.0287367
0.0282914
0.0283907
0.0285096
0.029131
0.0288516
0.0290386
0.0290275
0.0289956
0.0288208
0.0286089
0.0288956
0.0286048
0.0285634
0.0280069
0.0283477
0.0278036
0.0280744
0.02787
0.0289099
0.0278568
0.0285672
0.0285292
0.028604
0.0285572
0.0277549
0.02819
0.0285896
0.0284109
0.0279943
0.0282105
0.0275872
0.02808
0.0274971
0.0273595
0.0268455
0.0278782
0.0271865
0.0271266
0.0280764
0.0279014
0.0277153
0.0273544
0.0274229
0.0280744
0.027659
0.0274482
0.0274761
0.0268578
0.0280149
0.0271039
0.027803
0.0266863
0.0267469
0.0258165
0.0261311
0.0271856
0.0274969
0.0268109
0.026752
0.026398
0.026361
0.0272345
0.0266165
0.0267282
0.0255152
0.0237085
0.0231594
0.0132224
