0.106342
0.105763
0.113555
0.123081
0.129597
0.133422
0.13449
0.135715
0.136714
0.135369
0.135365
0.133104
0.129212
0.121733
0.111658
0.102247
0.0952396
0.0926647
0.0887855
0.104243
0.0880189
0.0868904
0.085237
0.0836868
0.0822194
0.0789575
0.0909215
0.082769
0.0778195
0.074834
0.0720653
0.079248
0.072915
0.0648607
0.0630686
0.0596784
0.05633
0.0615029
0.0611251
0.0510728
0.0480858
0.0437809
0.0451939
0.0433085
0.0383177
0.0363176
0.0345931
0.0311127
0.0331339
0.0312844
0.0328391
0.0295987
0.0295012
0.0287045
0.0312007
0.0310284
0.0322117
0.0302075
0.0294074
0.0286224
0.0302309
0.029907
0.030053
0.0297307
0.0301767
0.0309357
0.0289935
0.0320259
0.0317718
0.0332269
0.0308007
0.0306695
0.0291375
0.031609
0.031666
0.0341916
0.0307075
0.0307469
0.028491
0.029676
0.0293235
0.0291005
0.0290537
0.028929
0.0291812
0.0272138
0.029099
0.0294247
0.029321
0.0291415
0.0288555
0.0290601
0.0271165
0.0289519
0.0287846
0.0287719
0.0289688
0.0289093
0.028852
0.0272638
0.0295968
0.0294514
0.0293349
0.0288359
0.0285823
0.028996
0.0274252
0.0305838
0.0308236
0.0309819
0.0304104
0.0303678
0.0301869
0.0285889
0.0304237
0.031728
0.0355758
0.0309728
0.0295093
0.0279309
0.0306719
0.0306891
0.0323715
0.0294874
0.0292428
0.0287581
0.0302169
0.030388
0.0327859
0.0296667
0.0298932
0.0289588
0.0305145
0.0299793
0.0301577
0.0295726
0.0306308
0.0301171
0.026954
0.0295324
0.029953
0.0314935
0.030723
0.0293522
0.0279111
0.0304742
0.030561
0.0313101
0.02944
0.0292846
0.0299978
0.0274327
0.0305354
0.0307616
0.0332121
0.0310618
0.0314183
0.0305345
0.0313869
0.0311666
0.0307932
0.0302741
0.0308259
0.0301913
0.0272588
0.029307
0.0297155
0.0304298
0.0298493
0.029779
0.0298335
0.0267702
0.0294874
0.0294416
0.029395
0.0296506
0.0293807
0.0295587
0.0280838
0.0297576
0.0295488
0.029368
0.0296096
0.0304126
0.0294816
0.0276648
0.0292318
0.0291603
0.0292934
0.029909
0.0300866
0.0298531
0.0285471
0.029743
0.0292811
0.0294275
0.0302187
0.0309543
0.0313177
0.0290945
0.0323696
0.0317369
0.0342671
0.0303733
0.0299546
0.0283696
0.0299933
0.0303282
0.032528
0.0300226
0.0298799
0.0292613
0.0303363
0.0299628
0.0302429
0.03014
0.03003
0.0306716
0.0276426
0.0304563
0.0307304
0.0340382
0.0302156
0.0303285
0.0279398
0.0300479
0.0305442
0.0323632
0.0315846
0.0301092
0.0284579
0.0296079
0.0296813
0.0303616
0.0297499
0.0298883
0.031047
0.0272415
0.0299266
0.0300656
0.0317266
0.0301809
0.029574
0.0286131
0.0292016
0.0290495
0.0309306
0.0297618
0.0294644
0.0290714
0.0278916
0.0293487
0.0290228
0.0302554
0.0297524
0.0297179
0.0294642
0.0277846
0.0288329
0.0287485
0.0289423
0.0293585
0.0290205
0.0294405
0.0273897
0.0281753
0.0281884
0.0279654
0.0288419
0.0287211
0.0286943
0.0268047
0.0277525
0.0277826
0.0276016
0.028401
0.0279551
0.0286118
0.0267877
0.0280176
0.0282884
0.0282513
0.0288157
0.028582
0.0285122
0.0271204
0.0278994
0.0284485
0.0281931
0.0284956
0.0287379
0.0288338
0.026431
0.0273303
0.0272745
0.0276287
0.0285472
0.0280087
0.0283801
0.0266699
0.027201
0.0267163
0.0266374
0.0278163
0.0278114
0.0276051
0.0258229
0.0266532
0.0258454
0.0262439
0.0270669
0.0274453
0.0268519
0.0249911
0.0258538
0.0257926
0.0258921
0.0267217
0.0269415
0.0272254
0.0247401
0.0251447
0.0249948
0.0250229
0.0262502
0.0260253
0.0260474
0.0240043
0.0246501
0.0243206
0.0241906
0.0257984
0.0254585
0.0260536
0.0238382
0.0240891
0.024079
0.0238811
0.0251796
0.0252918
0.0252213
0.0234255
0.023508
0.0235437
0.0233495
0.0249737
0.0248862
0.0249957
0.0232451
0.0230001
0.0230908
0.0232286
0.0250571
0.024658
0.0250131
0.0234907
0.0228151
0.0228909
0.0227182
0.0248387
0.0241993
0.0248982
0.0216068
0.0224416
0.0222191
0.0221992
0.0246305
0.0248333
0.0234411
0.0234084
0.0230622
0.022561
0.0254841
0.0249777
0.0230157
0.0224614
0.0220448
0.0224963
0.0246696
0.0246597
0.0225854
0.0216341
0.0222344
0.022442
0.0243357
0.0241364
0.0223811
0.0213569
0.0215963
0.0219538
0.0241064
0.0234265
0.0219687
0.0214131
0.0211461
0.0212992
0.0235089
0.0233936
0.0216035
0.0208397
0.0207873
0.0208212
0.0232334
0.0230145
0.0216695
0.0207426
0.0204391
0.0208865
0.0230378
0.0235512
0.0211573
0.0201594
0.0203797
0.0199369
0.0226474
0.022769
0.021138
0.0200684
0.0206122
0.0203541
0.0223335
0.0223642
0.0205946
0.0196414
0.0199226
0.0199062
0.0229998
0.0222777
0.0202181
0.0178304
0.012841
