0.119315
0.118352
0.129326
0.138467
0.146969
0.151438
0.153232
0.155528
0.158609
0.160716
0.163204
0.163945
0.162373
0.143036
0.139626
0.129967
0.110386
0.106129
0.103723
0.100176
0.0993658
0.0986896
0.0978938
0.0941852
0.0939031
0.0927279
0.0911923
0.0897252
0.0865263
0.0835596
0.0808794
0.0783225
0.0761333
0.0743863
0.0710873
0.0671468
0.0638964
0.0602858
0.0579457
0.0550372
0.0539529
0.0527795
0.0490355
0.0456281
0.0419445
0.0412096
0.0402861
0.0393936
0.0373369
0.0351319
0.0345805
0.0353126
0.0353877
0.0358041
0.0358977
0.0360903
0.0373225
0.0363057
0.0369804
0.0355738
0.0370298
0.0359166
0.036597
0.0375013
0.0378323
0.0377446
0.0379345
0.0382367
0.0382011
0.0385202
0.0376105
0.0376912
0.0376625
0.0377183
0.0389518
0.0383571
0.0385391
0.038461
0.0372807
0.0365922
0.0356796
0.0356717
0.0359166
0.035906
0.0351224
0.0354702
0.0352512
0.0358896
0.0360239
0.0346336
0.0355633
0.035146
0.0348499
0.0344167
0.0347201
0.034904
0.035753
0.0354696
0.0351165
0.0360214
0.0365078
0.0367782
0.0363567
0.0354536
0.035227
0.035371
0.0366487
0.037944
0.0391759
0.0376203
0.037651
0.0370507
0.0374623
0.0375164
0.0375935
0.0384099
0.0387863
0.0380459
0.0379088
0.0357564
0.0371556
0.0359502
0.0362638
0.0351506
0.0353504
0.035181
0.0350273
0.035584
0.0349959
0.0360256
0.0346494
0.0352938
0.0350399
0.0357049
0.0366752
0.0347887
0.0364287
0.0366709
0.0351942
0.0353202
0.035295
0.0347267
0.0362598
0.0356927
0.0352667
0.0357752
0.0366594
0.034347
0.0345192
0.0339821
0.0343625
0.0361131
0.0368031
0.0367532
0.0385253
0.0380235
0.0383888
0.0380594
0.0395664
0.0376355
0.0373507
0.0354014
0.0360801
0.0355196
0.0356126
0.0348113
0.0356765
0.0340595
0.0346378
0.0351576
0.0345303
0.034796
0.0345061
0.0351366
0.0352272
0.0347447
0.0351017
0.0348744
0.036936
0.0352016
0.0349366
0.0350894
0.0345815
0.0357234
0.0353639
0.0359108
0.0348363
0.0346222
0.0338268
0.0362173
0.0364225
0.0358521
0.0366599
0.0359597
0.0356285
0.0352769
0.036089
0.0367173
0.0374943
0.0382053
0.0379231
0.0377832
0.0367999
0.0348248
0.0344897
0.0354682
0.0350616
0.0345794
0.0355664
0.0349258
0.0356754
0.0352199
0.0359923
0.0360024
0.0350349
0.0355356
0.0354241
0.0360185
0.0349532
0.0356176
0.0358087
0.0348082
0.0341452
0.0353896
0.0348953
0.0353766
0.0366525
0.0369565
0.0359937
0.0358152
0.0361812
0.0356951
0.035693
0.0374482
0.035294
0.035524
0.036372
0.0358176
0.0348213
0.0361386
0.0349755
0.0349072
0.0346562
0.0347682
0.0349638
0.0345112
0.0361353
0.034969
0.0355402
0.0366504
0.0350343
0.0352296
0.0349884
0.034433
0.0346941
0.0357501
0.0349956
0.0345622
0.0347237
0.0343404
0.0342256
0.0349115
0.0337042
0.0339877
0.0333411
0.0329341
0.0337132
0.0336428
0.0325799
0.0326958
0.03372
0.0324513
0.0330307
0.0322073
0.0320943
0.0321239
0.0315306
0.0323343
0.0321224
0.0326766
0.0327081
0.0329911
0.0324329
0.0326744
0.0324832
0.033177
0.0326595
0.0321332
0.0322839
0.031844
0.0320988
0.0312267
0.0316819
0.0320007
0.0318994
0.0313184
0.0311352
0.0323471
0.0318396
0.0322407
0.0320663
0.0320074
0.0324074
0.0322755
0.0320042
0.0312422
0.0317604
0.0312195
0.0308419
0.0319717
0.0309579
0.0305219
0.0314669
0.0305344
0.0315306
0.0316117
0.0313817
0.0319693
0.0310158
0.0310557
0.0318955
0.0308269
0.0308035
0.0313481
0.0315478
0.0306163
0.0307855
0.0309672
0.0303176
0.030494
0.0301397
0.0310175
0.0302195
0.030354
0.0308263
0.0301256
0.0305708
0.0313859
0.0310658
0.030188
0.0307667
0.0297662
0.0301401
0.0294063
0.0299003
0.0289224
0.0286529
0.0288503
0.0287274
0.02889
0.0289771
0.0294029
0.0283603
0.0288176
0.0302418
0.0299279
0.0293513
0.02854
0.0283949
0.0290204
0.0291095
0.0280378
0.0290568
0.0282981
0.0280024
0.0280892
0.0282363
0.0301503
0.0286558
0.0286573
0.0281464
0.0287731
0.0296334
0.0295356
0.0284577
0.0289097
0.0289191
0.0282263
0.0275186
0.0280429
0.0279199
0.0290533
0.0273668
0.0277
0.0275698
0.0283966
0.0288052
0.0283369
0.0287017
0.0288252
0.0279436
0.0276173
0.0275817
0.0278006
0.0275937
0.0270054
0.0271127
0.028182
0.0276981
0.0270256
0.0275926
0.0271555
0.0273259
0.0280701
0.0278781
0.0287307
0.0285023
0.0270537
0.0283585
0.0285739
0.0271466
0.0267191
0.0272799
0.0270657
0.0264421
0.0267646
0.0263653
0.0264981
0.0272044
0.0275638
0.026904
0.0279025
0.0269876
0.0272563
0.0262376
0.0266596
0.0255533
0.0264419
0.0245819
0.0227403
0.0132912
