0.120606
0.120411
0.130265
0.139328
0.146458
0.15142
0.153244
0.155829
0.158328
0.160689
0.163327
0.164443
0.162345
0.143797
0.140156
0.130591
0.11138
0.107283
0.104272
0.10053
0.100067
0.0990284
0.0984407
0.0950139
0.0939096
0.0927938
0.0918838
0.0902299
0.0870193
0.0844763
0.0812304
0.0779758
0.0765489
0.0747345
0.0719817
0.0673058
0.0635308
0.060765
0.0584877
0.0555605
0.0539537
0.0526358
0.0493165
0.0464445
0.042596
0.0416259
0.0404644
0.0395218
0.037924
0.0353791
0.0350756
0.0358009
0.0358103
0.0361117
0.0363531
0.0366399
0.0368502
0.0364419
0.0377939
0.0361058
0.0373517
0.0360612
0.0371601
0.0387126
0.0383249
0.0383313
0.0389155
0.0387526
0.0390081
0.0388969
0.0383056
0.0382664
0.0382077
0.0383554
0.0390138
0.0389073
0.0391994
0.0389458
0.0381949
0.0370747
0.0359896
0.0363052
0.0364765
0.0365776
0.0356155
0.0360826
0.0358943
0.0365567
0.0364173
0.0350489
0.0356442
0.0355141
0.0359151
0.0349836
0.0352339
0.035397
0.0361694
0.0358751
0.0355636
0.0360238
0.0369211
0.0370065
0.0362911
0.0362165
0.0355233
0.0359873
0.0370949
0.0379389
0.0380988
0.0383189
0.0381735
0.0381618
0.037996
0.0380804
0.0390188
0.0382242
0.0393257
0.0383504
0.0371625
0.0356288
0.0368489
0.0365987
0.0358024
0.0354259
0.0355002
0.0350892
0.0349761
0.0359466
0.0356113
0.0353655
0.036225
0.035215
0.0354003
0.0358788
0.0363114
0.0356203
0.0375542
0.0375591
0.0361012
0.0357468
0.035848
0.035832
0.0368139
0.0365196
0.0361468
0.0371504
0.0364654
0.0347851
0.0356914
0.0354825
0.0349444
0.0359817
0.0373563
0.0381669
0.0386593
0.0385506
0.039015
0.0387715
0.0391733
0.0389202
0.0369798
0.0359928
0.0371314
0.0366326
0.0365926
0.0353638
0.0348644
0.0352162
0.034589
0.0349345
0.0343053
0.0357343
0.0355377
0.0360346
0.0361382
0.035633
0.035641
0.0357714
0.0370902
0.0353331
0.035841
0.0358483
0.035914
0.0368664
0.0353759
0.03581
0.0348632
0.0352848
0.0345095
0.0366365
0.0365744
0.0362986
0.03726
0.0368196
0.0355938
0.0357736
0.0352972
0.0361161
0.0391047
0.0385793
0.0386289
0.0386573
0.0372833
0.0362423
0.035104
0.0365138
0.0351718
0.0345755
0.035843
0.0357907
0.0354732
0.036238
0.0370179
0.0363374
0.0356846
0.0356204
0.0356265
0.0363001
0.0350419
0.0363152
0.0367154
0.0348136
0.0349381
0.035408
0.0344567
0.0351239
0.0370463
0.0363559
0.0361433
0.0355156
0.0359114
0.035269
0.0352887
0.0372113
0.0357528
0.0357094
0.0377308
0.0358418
0.0353364
0.0354358
0.0354895
0.0349698
0.0346697
0.0353425
0.0351276
0.0353062
0.0360807
0.0350092
0.0354542
0.0354875
0.0356857
0.035128
0.035006
0.0348183
0.0352839
0.0362082
0.0350421
0.0348741
0.034341
0.0352085
0.0346113
0.0348932
0.0350662
0.0348094
0.0337742
0.0334577
0.0330646
0.033016
0.0332741
0.0328853
0.0329284
0.0327262
0.0332931
0.0334894
0.0336207
0.0319674
0.03271
0.0331422
0.0324475
0.033395
0.0328104
0.0329381
0.0341244
0.0331907
0.0337533
0.0336013
0.033214
0.0334327
0.0344816
0.0329082
0.0331544
0.0327839
0.0327786
0.0330508
0.0321259
0.0318348
0.0326407
0.0332384
0.0324155
0.0321309
0.0323156
0.0322312
0.0320682
0.0319607
0.0320705
0.0316097
0.0318331
0.0317901
0.0320384
0.0311702
0.0315068
0.0309524
0.0311971
0.0308605
0.0311688
0.0315268
0.0324054
0.0314241
0.0311329
0.0315114
0.031824
0.0318219
0.0316182
0.0311039
0.0312603
0.0309701
0.0311447
0.0309395
0.0309994
0.0302462
0.030482
0.0309299
0.031263
0.0305103
0.0313479
0.0310123
0.0308788
0.0307682
0.0304606
0.0311035
0.0303543
0.030905
0.0302286
0.0303914
0.0301433
0.0292867
0.0288332
0.0289236
0.0294282
0.0294028
0.0297441
0.0299188
0.0314907
0.0299462
0.0295226
0.0309797
0.0306953
0.0293754
0.0288639
0.0292762
0.0284723
0.029301
0.0286215
0.0286819
0.0294238
0.0286359
0.0295069
0.0303071
0.0292338
0.0297094
0.0287046
0.0292027
0.0297591
0.0287573
0.0296356
0.0298759
0.0292467
0.0289306
0.0285325
0.0288306
0.0279276
0.0284685
0.0273495
0.0288074
0.0281894
0.0289843
0.0287391
0.0296649
0.0287834
0.0284835
0.0283058
0.0281668
0.0280443
0.0281071
0.028643
0.0275075
0.0277818
0.0279163
0.0279061
0.0269652
0.0277782
0.0282482
0.027552
0.0273691
0.0284881
0.0284481
0.0274038
0.0278226
0.0272642
0.0276991
0.0272697
0.0273588
0.0272685
0.0271515
0.0267755
0.0273835
0.0265507
0.0268358
0.0272099
0.0268533
0.0274526
0.0275323
0.0266904
0.0280677
0.0267851
0.0272076
0.0262656
0.0259809
0.0244407
0.023011
0.0131522
