0.321717
0.330109
0.3826
0.395598
0.411401
0.430085
0.434741
0.439382
0.439816
0.440877
0.436313
0.433759
0.424255
0.399058
0.367627
0.336034
0.301641
0.294641
0.290954
0.285741
0.280849
0.279895
0.273166
0.267354
0.262453
0.293061
0.254032
0.248561
0.24457
0.236963
0.22826
0.25697
0.21107
0.20339
0.190445
0.182991
0.174498
0.200591
0.155604
0.14594
0.135995
0.127757
0.116799
0.144196
0.101563
0.0937606
0.0892408
0.0809816
0.104919
0.0682711
0.0681424
0.0675701
0.0687992
0.068533
0.0672686
0.0972019
0.0689233
0.0684191
0.0691931
0.0694103
0.0960055
0.0695617
0.0704422
0.0707601
0.0696495
0.10082
0.07301
0.0721945
0.0729768
0.0733762
0.0764489
0.0723507
0.103118
0.0733983
0.0751794
0.0736635
0.0738906
0.0728662
0.0708084
0.0966274
0.0683763
0.0669214
0.0660774
0.0672976
0.0957558
0.0679801
0.0669181
0.0673254
0.0673904
0.0940717
0.0666742
0.0678016
0.0689948
0.0691267
0.067225
0.0941251
0.0684457
0.0672553
0.0681856
0.0676468
0.0656029
0.0966352
0.0698078
0.0691464
0.0677135
0.0660027
0.0980077
0.0726309
0.0744611
0.0733945
0.0732735
0.071981
0.103566
0.0741132
0.073808
0.0736578
0.0740176
0.10073
0.0677755
0.0671514
0.0690816
0.0692288
0.0658441
0.0941008
0.067707
0.0666832
0.0681657
0.0683739
0.0664639
0.0959998
0.0683452
0.0683045
0.0687702
0.0665327
0.0963269
0.0689773
0.0681538
0.0682074
0.0657841
0.0938601
0.0674036
0.0657122
0.0674867
0.0660605
0.0943371
0.0690393
0.0707054
0.0670023
0.0667003
0.0953028
0.0668467
0.0677401
0.0698408
0.0706472
0.0717759
0.102555
0.0748443
0.0736639
0.0749479
0.0725476
0.0668272
0.0942435
0.0685657
0.0702976
0.0686538
0.0668282
0.0966292
0.0668393
0.0668137
0.0678941
0.0669162
0.0953633
0.0673127
0.0670975
0.0666799
0.0676009
0.068068
0.0677186
0.0970416
0.0681658
0.0675868
0.067345
0.0661421
0.0967946
0.0678785
0.0681078
0.0653674
0.0960201
0.0668842
0.0683821
0.0691226
0.0672536
0.0691029
0.0663176
0.095679
0.0683266
0.0682015
0.0692825
0.071307
0.0721996
0.103332
0.072206
0.0699822
0.0673565
0.0667864
0.0686245
0.0654762
0.095959
0.0680839
0.0681141
0.0681298
0.0684922
0.0662652
0.09481
0.0673122
0.0680157
0.0680333
0.0692558
0.0674739
0.0945606
0.0675558
0.0685046
0.0672157
0.067884
0.0949641
0.0683037
0.0688651
0.0676604
0.0662084
0.0944078
0.0649727
0.0643931
0.0658234
0.0659161
0.110047
0.0648089
0.0670715
0.0673976
0.0621456
0.0934053
0.0676042
0.066439
0.0664489
0.0646584
0.0933717
0.0673571
0.0675686
0.0670523
0.0648616
0.0940379
0.066014
0.066556
0.0677898
0.0679533
0.0651491
0.0960615
0.0683069
0.0682292
0.0670028
0.0665215
0.0957487
0.0668023
0.0670379
0.0685383
0.0644198
0.0923902
0.0646015
0.0644935
0.0656866
0.0642734
0.0638442
0.090976
0.0655628
0.066365
0.0644893
0.0626181
0.0908653
0.0636495
0.0653427
0.0638624
0.0615483
0.0888201
0.0627672
0.0616549
0.0614146
0.0601255
0.087511
0.0627079
0.0608168
0.0613969
0.0588122
0.0865267
0.0602302
0.0608509
0.0594138
0.0869875
0.0653004
0.0608301
0.0609469
0.06071
0.0595489
0.0853696
0.063398
0.0588587
0.0579664
0.0583216
0.0567159
0.084042
0.0587198
0.058342
0.0595245
0.083233
0.0658739
0.0566762
0.0572261
0.0556091
0.0804838
0.0670654
0.0570811
0.0566779
0.0564854
0.0563652
0.0801411
0.0681019
0.0570853
0.0563183
0.0540899
0.0790414
0.0579151
0.0544208
0.0545572
0.0534432
0.0770239
0.0544317
0.0535838
0.0547614
0.0509461
0.0759105
0.0528812
0.0522126
0.052799
0.0515433
0.0756917
0.0525579
0.0524821
0.0519443
0.0512051
0.050904
0.0744412
0.0642183
0.0512845
0.0501221
0.0499395
0.0729689
0.0657099
0.0504498
0.0498603
0.0491159
0.0717707
0.0669446
0.0498774
0.0494447
0.0480636
0.0705272
0.0658106
0.0491518
0.0480717
0.0479215
0.0456751
0.0688854
0.0630894
0.047302
0.0472891
0.0469623
0.0458737
0.0680913
0.0624445
0.0458837
0.0464084
0.0453314
0.0449361
0.066546
0.0634452
0.0447433
0.0450147
0.0451499
0.0428637
0.0652295
0.0581581
0.0444015
0.0435325
0.0429838
0.064327
0.0611819
0.0436407
0.0431363
0.043047
0.0407549
0.0629704
0.0591282
0.041802
0.0425055
0.0402653
0.0611241
0.058835
0.0411009
0.0396647
0.039555
0.0379365
0.0589512
0.0559442
0.039805
0.0389929
0.0385194
0.058849
0.0604934
0.039424
0.0391311
0.0376361
0.0574137
0.0576134
0.0379612
0.038386
0.0374775
0.0567949
0.0586604
0.0374521
0.0380558
0.0369589
0.0303341
0.0398038
