0.452249
0.471009
0.521482
0.559139
0.590088
0.612036
0.618575
0.625221
0.628142
0.622888
0.623409
0.613552
0.601543
0.562275
0.518887
0.469778
0.425623
0.416388
0.404629
0.398873
0.393196
0.387875
0.379223
0.383919
0.36685
0.358444
0.353132
0.345707
0.3389
0.328996
0.317715
0.302355
0.306092
0.277966
0.264904
0.250889
0.238749
0.225157
0.209563
0.214092
0.183286
0.170275
0.155726
0.141551
0.130921
0.119931
0.132562
0.105438
0.0947783
0.0863597
0.0832017
0.0979503
0.0846556
0.0855752
0.0843533
0.0868609
0.0867674
0.0991673
0.0860077
0.0857071
0.0846204
0.0852606
0.0845399
0.100444
0.0901962
0.0914922
0.0912294
0.0922913
0.0907513
0.107112
0.0938827
0.0941294
0.0945966
0.0950837
0.108334
0.095066
0.0956111
0.0947754
0.0902007
0.0988079
0.0845941
0.0855769
0.0845638
0.0854658
0.0978845
0.0846896
0.0852991
0.0861635
0.0847266
0.097014
0.0855228
0.085213
0.0853423
0.0850351
0.0823881
0.0966005
0.0853282
0.0846611
0.0847724
0.0836939
0.099658
0.0862548
0.0852319
0.0848384
0.0817757
0.09666
0.08696
0.0913284
0.0927795
0.0933336
0.107914
0.092458
0.093369
0.0930226
0.0937911
0.106854
0.0955644
0.0922455
0.0861585
0.0839302
0.0842528
0.0977755
0.0847016
0.0830857
0.0847318
0.0829329
0.0971453
0.0849073
0.0840893
0.0839061
0.0856432
0.0819565
0.0979936
0.0850021
0.0866712
0.0833143
0.08567
0.0865133
0.0847192
0.0825264
0.0972979
0.0844593
0.0860828
0.084765
0.0846058
0.0847194
0.100033
0.0837164
0.0850188
0.0840858
0.0847848
0.0864761
0.102555
0.0900881
0.0915825
0.0930343
0.0945933
0.0921287
0.109627
0.091768
0.0876394
0.08389
0.0853357
0.086859
0.0854865
0.0847505
0.0834678
0.0969884
0.0844493
0.084948
0.0848718
0.0839241
0.0849521
0.0848043
0.0836954
0.0983879
0.0842311
0.0850791
0.0863372
0.0839251
0.083664
0.0848384
0.08456
0.086132
0.0989139
0.0857873
0.0855976
0.085112
0.0841796
0.0854349
0.0856428
0.0853969
0.0862215
0.0991812
0.0847709
0.0847057
0.0845069
0.0854466
0.0897136
0.0906631
0.0924599
0.0924797
0.0872814
0.0982577
0.0849067
0.0861334
0.0838235
0.0840116
0.084685
0.0845682
0.0846149
0.0836923
0.0993774
0.084344
0.0838055
0.0842045
0.0837997
0.0847642
0.083639
0.0850336
0.0860423
0.0824949
0.0982985
0.0847338
0.0846533
0.0849888
0.087575
0.0867306
0.0853471
0.0847124
0.0839915
0.084465
0.0834323
0.102322
0.0845921
0.0848261
0.0887359
0.0859836
0.0846552
0.0860672
0.0862789
0.0841614
0.0846954
0.0843791
0.0824894
0.0978623
0.0858468
0.0833662
0.0838457
0.0841329
0.0837922
0.0833477
0.0979913
0.0841763
0.084251
0.0867954
0.0849211
0.0839675
0.0826053
0.0969152
0.0842152
0.0842588
0.083119
0.0829157
0.0828406
0.0807879
0.0944957
0.081743
0.0812119
0.0807419
0.0805133
0.0809873
0.0798266
0.0930051
0.0799976
0.0793358
0.0799102
0.078807
0.0909842
0.0788391
0.0783473
0.077649
0.0775208
0.089593
0.0786948
0.0773336
0.0775277
0.076829
0.0747569
0.0868132
0.075191
0.0747527
0.0750721
0.0737971
0.0856155
0.0772422
0.0735711
0.0726358
0.0723129
0.0842985
0.0749007
0.0724291
0.0720935
0.0702463
0.0825928
0.073029
0.071472
0.0709889
0.0705075
0.0697807
0.069635
0.0702126
0.0690964
0.0689654
0.0795796
0.0739535
0.0685825
0.067599
0.0674136
0.0781022
0.0730404
0.066742
0.0668711
0.0668387
0.0663199
0.0644462
0.0773234
0.0683015
0.0651423
0.0649081
0.0650964
0.0645652
0.0627593
0.0745876
0.0682033
0.0637381
0.0632637
0.0630686
0.0629064
0.0631869
0.0624832
0.0616149
0.0722239
0.0690926
0.0602492
0.0604713
0.0608312
0.0602315
0.0612208
0.0599175
0.0586946
0.0689709
0.0670758
0.0588981
0.0588518
0.0600212
0.0580666
0.0587383
0.0568972
0.066954
0.0643918
0.0572315
0.0570252
0.0560948
0.0561257
0.0552587
0.0661819
0.0631375
0.0547175
0.054662
0.0544042
0.0534359
0.063444
0.0610787
0.0535098
0.0536617
0.0533608
0.0527538
0.0620073
0.061359
0.0524904
0.0520365
0.0520293
0.0513909
0.0519817
0.0500749
0.0597931
0.0595791
0.0505599
0.0498233
0.0494742
0.0491434
0.0487566
0.0491555
0.0483833
0.0467164
0.0565538
0.0579315
0.0475459
0.0471157
0.0457116
0.0467119
0.046129
0.0461459
0.045626
0.0459467
0.0454581
0.044531
0.0532984
0.0537804
0.0443033
0.0444079
0.0445956
0.0444104
0.0419942
0.0510222
0.0514015
0.0431254
0.0426682
0.042538
0.0422961
0.0423991
0.0419472
0.0404604
0.0491878
0.0500723
0.0408401
0.0411178
0.0400898
0.0332772
0.0322931
