0.438609
0.440137
0.488468
0.528046
0.555124
0.578713
0.583995
0.588793
0.595539
0.590337
0.592131
0.583199
0.571549
0.541419
0.492916
0.450865
0.404178
0.390549
0.383816
0.374701
0.369302
0.362074
0.35728
0.349055
0.341018
0.33787
0.328845
0.322173
0.317722
0.306229
0.294428
0.282787
0.269839
0.258859
0.245552
0.231999
0.22051
0.209918
0.19457
0.184391
0.168511
0.159262
0.144029
0.13015
0.120061
0.112414
0.10262
0.0942184
0.0855304
0.076549
0.0750985
0.0767091
0.0751667
0.0762337
0.0755076
0.0762986
0.0761451
0.0764021
0.0756268
0.0754535
0.0750664
0.0749159
0.075781
0.0777977
0.0792261
0.0792358
0.0799623
0.0823642
0.0820936
0.0834506
0.0832332
0.0840377
0.0847548
0.0840916
0.083144
0.0826783
0.0828582
0.0815314
0.0785574
0.0727175
0.0699829
0.0698324
0.0715111
0.0706822
0.0698428
0.0689238
0.0698811
0.071463
0.071529
0.0712188
0.0717953
0.0719133
0.0707572
0.070613
0.0675659
0.068595
0.0703576
0.0709291
0.070239
0.0710112
0.0719964
0.071935
0.0711694
0.0710116
0.0671745
0.0692994
0.0721524
0.0772406
0.0805487
0.0816675
0.0817303
0.0798786
0.0783883
0.0817456
0.0825378
0.0795993
0.0817263
0.0772746
0.0727355
0.070416
0.0721349
0.0708018
0.0702607
0.0680732
0.0696316
0.0687212
0.0702879
0.0712845
0.0712059
0.0711509
0.0710808
0.0706554
0.0713064
0.0723627
0.0728962
0.0689301
0.0703772
0.0732364
0.0707172
0.0674929
0.0687668
0.0688286
0.068801
0.0705406
0.0700995
0.0706522
0.0723411
0.0683822
0.0685345
0.0677288
0.0695288
0.0715954
0.0738461
0.0738738
0.0776611
0.0780521
0.0806113
0.0788875
0.0804083
0.0763261
0.0728278
0.0693437
0.0706467
0.0720834
0.0726452
0.0686667
0.0685904
0.067797
0.0673258
0.0691775
0.0692173
0.0690634
0.0689169
0.0697544
0.0677235
0.0676898
0.0676971
0.0692915
0.0719017
0.0689152
0.0687871
0.0688649
0.0692079
0.0726997
0.0712074
0.0708895
0.0692303
0.0693368
0.0692019
0.0716194
0.0723219
0.0708779
0.073218
0.0723814
0.0681808
0.0677079
0.0675517
0.0706791
0.0743478
0.0762154
0.0772107
0.0776828
0.0733371
0.0707795
0.0689206
0.0713744
0.0703503
0.0693544
0.0697421
0.0691517
0.0680322
0.0677806
0.0709691
0.0677957
0.0674503
0.0688263
0.0685782
0.0707537
0.069009
0.0698051
0.0721568
0.0685379
0.0689291
0.0693378
0.0694983
0.0695848
0.0734216
0.0735835
0.0684468
0.0679314
0.0684232
0.0677157
0.0690464
0.0732226
0.0696607
0.0695846
0.0736221
0.0721386
0.0707613
0.0718057
0.0709096
0.0704129
0.0698702
0.0691208
0.0693921
0.0695719
0.0697882
0.067815
0.0694198
0.0679668
0.0677679
0.0677714
0.0690764
0.0694297
0.0693159
0.0718444
0.0689508
0.068668
0.0677332
0.0680571
0.0695824
0.0690116
0.0674486
0.066959
0.0662299
0.0646906
0.0643457
0.0639797
0.0639117
0.0637357
0.0633104
0.0630982
0.0626695
0.0631656
0.0630588
0.0626816
0.0614219
0.0614528
0.0611312
0.0609453
0.0608185
0.0617039
0.0606477
0.0604168
0.0600006
0.0595134
0.0592744
0.0591693
0.0590507
0.0588502
0.0589826
0.058761
0.0585218
0.0581212
0.0582198
0.0581411
0.0581514
0.0578554
0.0576064
0.057996
0.0577655
0.0573998
0.0568907
0.0569629
0.0567954
0.0567602
0.0566221
0.0560813
0.0558735
0.0557457
0.0555292
0.0553974
0.0556787
0.0555459
0.0553995
0.0550503
0.0550692
0.055824
0.0547404
0.0546535
0.0547708
0.054223
0.0541107
0.0543453
0.054119
0.0538642
0.0535936
0.0531807
0.0531158
0.0532804
0.0526683
0.0533481
0.0531712
0.0528937
0.0526977
0.0529806
0.0524777
0.0523991
0.0524392
0.0520665
0.0518721
0.0521335
0.0517989
0.0513895
0.0510604
0.0510001
0.0504414
0.0510185
0.0509407
0.0512002
0.0505877
0.0505054
0.0504496
0.0503326
0.050283
0.0512822
0.0499479
0.0496336
0.0500781
0.0493732
0.0495915
0.0485676
0.0489075
0.0485543
0.0488937
0.0491759
0.0486117
0.0484158
0.0482313
0.0491945
0.0481207
0.0482711
0.0478724
0.047937
0.0476608
0.0478247
0.0474679
0.0472345
0.0473734
0.047248
0.0464572
0.0471336
0.0464807
0.0466222
0.0466053
0.0466297
0.0462586
0.0466668
0.0464047
0.0458988
0.046225
0.0456604
0.045605
0.0457023
0.0454395
0.045044
0.0447831
0.0449679
0.04519
0.045099
0.0445528
0.0446836
0.0448196
0.044758
0.0441183
0.044467
0.0444922
0.0442771
0.0437493
0.0436388
0.0438775
0.0444755
0.0435107
0.0427026
0.0425263
0.0432014
0.0431094
0.0430061
0.0425911
0.0422083
0.0427516
0.0424187
0.0424561
0.0421822
0.042302
0.0422686
0.0420075
0.041943
0.039183
0.0345387
0.0218239
