0.415237
0.43418
0.48124
0.517956
0.54564
0.565289
0.572264
0.579045
0.581511
0.578113
0.576134
0.568762
0.559359
0.519315
0.480939
0.433284
0.393943
0.382144
0.372427
0.367825
0.378743
0.35673
0.349901
0.343728
0.338039
0.350191
0.324778
0.31886
0.314333
0.301305
0.309695
0.280505
0.267272
0.255464
0.241998
0.261614
0.218421
0.206472
0.193664
0.178792
0.199859
0.154892
0.142227
0.128801
0.154263
0.111017
0.102679
0.0926982
0.115494
0.0761582
0.0756303
0.075613
0.0737709
0.102786
0.0765424
0.0771498
0.077171
0.0752355
0.104287
0.0762377
0.076011
0.075994
0.0749792
0.105795
0.078542
0.080863
0.0813713
0.0841299
0.0814408
0.111908
0.083809
0.0843569
0.0842477
0.0831904
0.113719
0.0850812
0.0859091
0.0848897
0.0804707
0.103882
0.0744236
0.0752356
0.0749249
0.0742776
0.101672
0.0757843
0.0757294
0.0763573
0.104683
0.0754328
0.0761116
0.0760155
0.0741901
0.102801
0.0749464
0.0748351
0.0758049
0.073244
0.101294
0.0762263
0.0765659
0.0774732
0.0761201
0.0749469
0.102401
0.0746675
0.0779264
0.0817833
0.0828243
0.0838021
0.0836022
0.111203
0.0824773
0.0841063
0.0837728
0.0823934
0.11389
0.0815375
0.0762812
0.0744926
0.0759799
0.102641
0.0755894
0.074179
0.0749847
0.0730507
0.102033
0.0751843
0.0754804
0.0767819
0.0746332
0.102161
0.0758632
0.0748307
0.0773673
0.0747392
0.0754367
0.0764694
0.102419
0.0745783
0.0750126
0.0756872
0.0759616
0.0771552
0.0744051
0.104447
0.0772609
0.0752973
0.0745293
0.0750982
0.07346
0.104624
0.0797109
0.0792855
0.0821044
0.0826076
0.112928
0.0841465
0.0849805
0.0823777
0.0775362
0.0744111
0.103177
0.0765581
0.0764232
0.0744336
0.0746368
0.074805
0.0744666
0.102043
0.0749285
0.0751298
0.0744627
0.0755951
0.0726775
0.101496
0.0758203
0.0753583
0.0754784
0.0749616
0.0746592
0.0739948
0.101585
0.0775763
0.0754382
0.0756476
0.0747519
0.074024
0.074178
0.103673
0.0758649
0.0756208
0.0777985
0.0760061
0.0752276
0.0745247
0.101529
0.0762059
0.0804662
0.0814467
0.0825236
0.0813072
0.105522
0.0758057
0.0742225
0.0761479
0.0722122
0.101866
0.0744502
0.0747277
0.0742762
0.0721801
0.102776
0.0744984
0.0745158
0.0748648
0.0740704
0.0757364
0.0743109
0.0731696
0.103467
0.0745869
0.0743897
0.0746197
0.0723982
0.10116
0.0789879
0.0763905
0.0752149
0.0725935
0.101293
0.0746313
0.0742147
0.0786074
0.102047
0.0750954
0.0788168
0.0765612
0.0753843
0.0757655
0.102874
0.0747639
0.0750036
0.0738994
0.0726378
0.102281
0.0754891
0.0734887
0.0740359
0.0723943
0.101161
0.0744146
0.0743974
0.0739964
0.0738223
0.103582
0.0751314
0.0740715
0.0744644
0.074916
0.074312
0.0732162
0.10048
0.0735753
0.0750184
0.0729523
0.0705965
0.0977462
0.0714826
0.0703752
0.070877
0.0692567
0.0962809
0.07012
0.0705219
0.0692212
0.0677775
0.0954327
0.0690674
0.0690461
0.0688562
0.0684717
0.0676381
0.0671845
0.0947099
0.0669902
0.0671873
0.0673868
0.0665543
0.0665646
0.091705
0.066818
0.0668722
0.0657722
0.0654939
0.0901572
0.0655436
0.0646925
0.0644967
0.0650214
0.0631148
0.0884528
0.063675
0.0629392
0.0631849
0.063239
0.0626164
0.0623111
0.0598337
0.0856335
0.062021
0.0618502
0.0610216
0.0604831
0.0848377
0.0628292
0.0618608
0.0603803
0.0604706
0.0573421
0.0822765
0.059055
0.0580197
0.0587024
0.0565322
0.0808228
0.0640763
0.0574677
0.0568225
0.0577973
0.0554442
0.0795423
0.0641969
0.0570174
0.0558791
0.0563643
0.0538523
0.0783827
0.0599445
0.0554024
0.0547154
0.0538237
0.0531509
0.0763275
0.0677076
0.0534126
0.0536782
0.0533891
0.053007
0.0514608
0.0750284
0.0577871
0.0511013
0.0516786
0.0516183
0.0518531
0.0513819
0.0503112
0.0721601
0.0594968
0.0495346
0.0497211
0.0492049
0.0485505
0.0488855
0.0474695
0.0699627
0.0642117
0.0490422
0.0479738
0.0471126
0.046831
0.0682465
0.0626387
0.0473327
0.0469011
0.0455573
0.0666259
0.061435
0.0449566
0.045976
0.0449692
0.0429236
0.0649642
0.0603839
0.0446296
0.0441723
0.0426496
0.0436031
0.0408639
0.062371
0.0594181
0.0428912
0.0412904
0.0616545
0.0599793
0.0419168
0.0416926
0.0408971
0.0401252
0.0388255
0.059173
0.0570694
0.0399308
0.0391269
0.0393911
0.0379807
0.0578348
0.0589256
0.038945
0.0379878
0.0379543
0.0373132
0.0361664
0.05599
0.0563123
0.0363561
0.0355701
0.0360654
0.0365617
0.0336722
0.0535767
0.0554485
0.0351622
0.0352285
0.0345939
0.0324406
0.052288
0.0521416
0.0288005
0.0197418
