388130
414871
461811
501181
528989
550123
557208
562910
566212
561543
560526
553487
541806
502671
461837
414581
373724
362550
353350
347724
341905
335807
329566
323197
316702
310091
303369
296543
289616
281501
269595
257395
244643
232187
219598
207017
194456
182166
169005
155556
142265
129121
115976
102909
92567
84159
75850
67513
58467
49276
48608
48647
48685
48718
49139
49872
50299
50001
49472
49131
49070
49399
49894
51155
53150
54305
55046
55975
56382
56729
57129
57491
57726
58292
58068
57692
57795
57588
54314
49616
48187
48090
48586
48931
48548
48078
48451
49323
49227
48317
49155
49196
48695
48773
47794
47790
49045
48611
47931
48883
49964
50001
49218
48461
47816
48592
51151
55064
56415
57158
57376
56407
56277
56786
57513
57021
57736
55336
49635
48251
50031
49091
48508
47622
48412
47577
48377
48861
48783
48709
49000
48460
48717
48617
50388
47635
48035
50996
48241
47787
47800
47792
47712
48778
48181
49744
50091
47904
47853
47841
47808
49873
52366
52955
55525
56435
57397
57571
57916
55247
50885
48175
49060
49973
49457
47806
47788
47688
47504
47566
47674
47417
47509
48172
47710
47681
47733
47945
50106
47666
47638
47834
48097
50377
48717
47762
47879
47678
47507
49648
49589
49167
51215
49361
47840
47824
47719
49575
53935
54114
55905
55687
51226
48322
47613
48796
47568
47625
48051
47819
47803
47792
48631
47706
47512
47544
47441
48904
47498
48351
49319
47733
47749
47922
47827
47617
51598
50110
47913
47896
47880
47669
47561
51823
47980
48014
52210
49508
47942
49036
49111
48235
47848
47492
47431
47853
47885
47746
47766
47787
47774
47649
47643
47651
47644
49244
47915
47681
47677
47661
47718
47280
46748
46298
45840
45452
45208
44969
44726
44484
44242
44001
43759
43518
43276
43035
42794
42553
42310
42071
41827
41585
41345
41100
40859
40617
40376
40136
39894
39654
39410
39168
38927
38687
38446
38203
37960
37720
37478
37238
36996
36754
36513
36268
36027
35789
35543
35303
35065
34819
34581
34338
34096
33857
33614
33371
33132
32890
32647
32406
32169
31922
31685
31445
31199
30957
30718
30477
30232
29996
29755
29510
29268
29026
28788
28543
28303
28061
27823
27578
27338
27096
26857
26613
26372
26134
25890
25650
25406
25167
24924
24685
24442
24201
23960
23720
23479
23236
22994
22755
22515
22271
22029
21788
21548
21306
21065
20824
20582
20341
20100
19859
19615
19375
19134
18893
18653
18411
18171
17927
17685
17446
17204
16964
16724
16482
16241
15998
15757
15515
15274
15032
14793
14553
14313
14071
13829
13586
13346
13104
12863
12620
12379
12139
11898
11659
11419
11178
10936
10695
10451
10211
9970
9729
9488
9246
9005
8765
8525
8283
8041
7800
7558
7314
7071
6830
6589
6348
5352
2755
675
