0.0845611
0.0873574
0.093127
0.0991675
0.108388
0.10751
0.109079
0.127793
0.141661
0.119387
0.115031
0.117046
0.11643
0.106761
0.104712
0.0898977
0.082751
0.0795457
0.0789857
0.0764827
0.0755068
0.0753091
0.0757428
0.0728715
0.0684598
0.0686477
0.0675202
0.0669562
0.0662911
0.0640889
0.0603491
0.0578733
0.0574459
0.0546992
0.0544395
0.0504095
0.0485579
0.0466593
0.0449882
0.038701
0.0350985
0.0360523
0.0345077
0.0299364
0.0294408
0.0279428
0.0265152
0.0500943
0.0273043
0.0225107
0.0236976
0.0224735
0.0229273
0.0219894
0.0216044
0.02163
0.0219582
0.0199166
0.0211975
0.0213858
0.0204158
0.0210986
0.0214834
0.0204467
0.0226586
0.0220449
0.0225587
0.0223425
0.0228885
0.0228004
0.0227448
0.02289
0.044022
0.0208424
0.0199236
0.0225323
0.0228284
0.0226371
0.0219027
0.0222526
0.0213042
0.0212353
0.0209287
0.0212477
0.0212392
0.0230255
0.021489
0.0223964
0.0214039
0.0231008
0.0220411
0.0221426
0.0331163
0.0186298
0.0205275
0.0220158
0.0199533
0.0230589
0.0257492
0.0329957
0.0197875
0.019476
0.0187664
0.0186999
0.0202385
0.0199043
0.0190825
0.0201233
0.0209355
0.0208863
0.0211486
0.0193963
0.0203561
0.02074
0.0207643
0.0206576
0.0206107
0.0222825
0.022881
0.0194089
0.0212072
0.0217727
0.0206154
0.0229123
0.0229525
0.0232432
0.0215084
0.0290149
0.027027
0.0207814
0.0214191
0.0210838
0.0213398
0.0214272
0.0216831
0.0212613
0.0212378
0.0216589
0.0202324
0.021893
0.0209373
0.0209065
0.0227165
0.0208011
0.0210763
0.0211497
0.0219093
0.0200222
0.0208286
0.0188261
0.0212521
0.0200982
0.0246538
0.0210893
0.0365152
0.0245252
0.0218077
0.0243393
0.020082
0.0223785
0.0215153
0.0209202
0.0205754
0.0215743
0.0211773
0.0208226
0.0210517
0.0211009
0.0198696
0.0208763
0.0209025
0.0214322
0.0210664
0.020307
0.0190695
0.0215832
0.0206539
0.0208926
0.0211089
0.0203235
0.0213809
0.0210648
0.0211036
0.0213991
0.0208772
0.0209883
0.0208566
0.0203931
0.0222401
0.0212549
0.0194296
0.0212656
0.0228944
0.0215983
0.0202466
0.0213202
0.0206449
0.0196504
0.0224498
0.0192205
0.0223549
0.0221861
0.0205922
0.0210316
0.0205456
0.0209032
0.0205038
0.0228158
0.0295203
0.0192185
0.0219138
0.0226389
0.0225243
0.0224113
0.0227295
0.0224131
0.0224252
0.0218729
0.0228603
0.0213425
0.0228863
0.0227988
0.0230933
0.019833
0.0203743
0.0223646
0.0214234
0.0212463
0.0210501
0.0207839
0.0207514
0.0230962
0.0210561
0.0221749
0.0226781
0.0227897
0.0233211
0.0217047
0.0202873
0.0210701
0.0216408
0.0249804
0.0204858
0.0237201
0.0275815
0.0183961
0.0230078
0.0221484
0.0203201
0.0212537
0.0205917
0.0205606
0.0202863
0.0205306
0.0204413
0.0202966
0.0205212
0.0208867
0.020946
0.0214716
0.0209863
0.0199419
0.0206166
0.0206173
0.0223126
0.019762
0.0201616
0.0209778
0.0196061
0.0193865
0.0196806
0.020274
0.0203089
0.0194564
0.0204333
0.0193159
0.0202592
0.0207301
0.0202791
0.0183381
0.0202554
0.0194462
0.0195929
0.020297
0.0201418
0.0198389
0.018721
0.0197112
0.0197036
0.0208294
0.0197831
0.019969
0.0204187
0.0198349
0.0190801
0.0173391
0.0187042
0.0189571
0.0189766
0.0194126
0.0183518
0.0179607
0.0187513
0.0190854
0.0189252
0.0188601
0.0180181
0.0196103
0.0177935
0.0179279
0.0186012
0.0187529
0.0191569
0.0175532
0.0206359
0.0187583
0.017814
0.0173788
0.0183581
0.0176349
0.0180219
0.0170888
0.0181837
0.0186483
0.0171333
0.0183824
0.0169932
0.0159617
0.0192418
0.026323
0.015551
0.0172206
0.0168339
0.0195865
0.0189189
0.0173589
0.0183393
0.0168624
0.0187456
0.0183437
0.0182301
0.018922
0.0167729
0.0173581
0.0189384
0.0180446
0.0161518
0.0166674
0.0175324
0.0180471
0.0266711
0.0178571
0.0189387
0.0176522
0.0172435
0.0166864
0.0178792
0.0184203
0.0158308
0.0167612
0.0158271
0.0160006
0.018389
0.0177276
0.0183094
0.017342
0.0182908
0.0180209
0.017481
0.0183099
0.0176812
0.0184901
0.0183234
0.0172197
0.0171036
0.0201493
0.0177717
0.0168138
0.0284806
0.0170219
0.0161518
0.0181931
0.0168212
0.0151908
0.0158643
0.0152941
0.0162943
0.0167979
0.0178935
0.0173133
0.0175905
0.0149241
0.0152124
0.0170115
0.0165055
0.0147322
0.0142943
0.0151373
0.0165775
0.0172706
0.0143253
0.0141981
0.0142682
0.014985
0.0148228
0.0141433
0.0140887
0.0142745
0.0140529
0.0163345
0.0159261
0.0140409
0.0138517
0.0155012
0.0166157
0.0135518
0.0134931
0.0148871
0.0133825
0.0145424
0.0160355
0.0134428
0.0144649
0.0134521
0.0126474
0.0127657
0.0135837
0.013139
0.0134091
0.0127414
0.0126583
