1.99632
2.14038
2.43756
2.69929
2.7009
2.79645
2.82475
2.85073
2.86779
2.85399
2.87622
2.83872
2.75949
2.57273
2.37581
2.16362
1.94436
1.86479
1.81513
1.79475
1.76366
1.73585
1.70139
1.66862
1.63565
1.61145
1.58623
1.54151
1.50194
1.46567
1.42528
1.35331
1.28267
1.21911
1.16139
1.09825
1.03149
0.97317
0.907558
0.844333
0.774844
0.709873
0.646065
0.584074
0.532272
0.489581
0.448438
0.407268
0.363529
0.317593
0.314237
0.314941
0.324969
0.33402
0.334777
0.338552
0.339178
0.338713
0.337057
0.33547
0.335065
0.331852
0.319874
0.325948
0.335739
0.341248
0.345837
0.351057
0.354461
0.354384
0.356438
0.359644
0.357674
0.363788
0.359137
0.358685
0.359217
0.357822
0.341686
0.318953
0.310953
0.313625
0.335942
0.343202
0.340852
0.338577
0.3406
0.345112
0.344419
0.339823
0.325351
0.316311
0.316918
0.315239
0.310254
0.310662
0.31599
0.31364
0.310548
0.315026
0.319807
0.323849
0.319884
0.311973
0.310789
0.313775
0.32632
0.346054
0.352809
0.358615
0.357845
0.361355
0.350988
0.355524
0.358594
0.355706
0.359647
0.347854
0.318482
0.31288
0.320595
0.315926
0.312919
0.307827
0.312563
0.309762
0.313227
0.31592
0.315345
0.317348
0.316101
0.32004
0.319483
0.314988
0.32798
0.311925
0.316772
0.328363
0.313548
0.311159
0.31033
0.310114
0.310562
0.320529
0.313585
0.320421
0.32135
0.309918
0.310411
0.312002
0.309772
0.322921
0.331985
0.335912
0.349434
0.363415
0.360023
0.357741
0.359343
0.348851
0.326592
0.318627
0.318655
0.326111
0.324369
0.311135
0.310773
0.309609
0.312186
0.308321
0.311664
0.308924
0.308265
0.312661
0.309516
0.308879
0.310175
0.310374
0.320602
0.309994
0.309176
0.309825
0.310885
0.32373
0.31463
0.310878
0.310935
0.310458
0.308862
0.319479
0.319369
0.319334
0.327505
0.317917
0.310225
0.309021
0.310042
0.319252
0.339642
0.342733
0.352042
0.350289
0.327771
0.312132
0.30845
0.314572
0.30863
0.309544
0.310974
0.311175
0.314071
0.313725
0.319647
0.310948
0.310542
0.313741
0.310364
0.321759
0.309572
0.316746
0.317238
0.309594
0.309192
0.30969
0.308971
0.308657
0.328708
0.32035
0.310905
0.312102
0.313403
0.310942
0.309708
0.339643
0.318694
0.319048
0.333155
0.319915
0.31854
0.32473
0.31885
0.313036
0.310248
0.308291
0.309618
0.310168
0.310327
0.310502
0.31095
0.309463
0.310898
0.30903
0.308722
0.325137
0.312598
0.316753
0.312556
0.310689
0.312182
0.308883
0.309525
0.307139
0.305833
0.303339
0.302132
0.298404
0.297215
0.297482
0.296143
0.294599
0.293013
0.291882
0.291009
0.289517
0.290187
0.286917
0.289536
0.284231
0.28349
0.282909
0.281635
0.281728
0.278529
0.277386
0.277266
0.276862
0.275484
0.272144
0.272639
0.269968
0.269205
0.267956
0.265265
0.266082
0.265417
0.266037
0.262849
0.261799
0.263825
0.258983
0.258623
0.256222
0.25511
0.254228
0.252675
0.25205
0.25381
0.249775
0.250943
0.246154
0.245475
0.244385
0.242472
0.241137
0.239851
0.240336
0.237601
0.237023
0.238451
0.234842
0.233574
0.233291
0.23028
0.228441
0.22825
0.227185
0.225786
0.227611
0.227732
0.223582
0.221694
0.218647
0.219443
0.218871
0.21741
0.215272
0.214713
0.212702
0.212039
0.211012
0.209351
0.208436
0.209436
0.203551
0.204011
0.203037
0.202293
0.20196
0.199911
0.198852
0.200303
0.196644
0.193819
0.194473
0.194272
0.192943
0.190997
0.189379
0.188128
0.187262
0.18607
0.184059
0.182658
0.18295
0.181271
0.179975
0.178656
0.178102
0.176572
0.17563
0.175746
0.172445
0.171131
0.171465
0.169186
0.167565
0.166718
0.167997
0.169918
0.167209
0.160664
0.161468
0.163203
0.159854
0.15929
0.155939
0.156879
0.162035
0.152719
0.15154
0.150153
0.149065
0.152729
0.14851
0.148778
0.144938
0.143074
0.142394
0.140991
0.137904
0.137936
0.136315
0.135429
0.133863
0.133122
0.131491
0.130448
0.129708
0.129083
0.127133
0.126359
0.124625
0.123399
0.122711
0.121271
0.120619
0.11935
0.118631
0.117435
0.115319
0.114125
0.112963
0.112781
0.109327
0.109087
0.109814
0.10714
0.105949
0.100806
0.0906276
0.0754488
