0.30172
0.318008
0.351
0.395046
0.407114
0.423763
0.427457
0.436238
0.440032
0.436984
0.437491
0.431778
0.42783
0.388568
0.360957
0.329062
0.295428
0.299641
0.284399
0.273035
0.27849
0.268448
0.259133
0.258119
0.255915
0.250257
0.249134
0.23781
0.230211
0.231041
0.218867
0.217263
0.201009
0.191207
0.18142
0.172817
0.162024
0.163694
0.144801
0.133876
0.125366
0.117887
0.108166
0.0934867
0.0888135
0.0831254
0.0763037
0.0726103
0.0665456
0.0581914
0.0553087
0.0573775
0.0588648
0.0581534
0.0712932
0.05838
0.0579181
0.0579599
0.0596901
0.0593995
0.0591643
0.0574769
0.0576062
0.0607859
0.0619206
0.0634068
0.0637927
0.0755935
0.0628042
0.0631263
0.0654384
0.0637501
0.0647999
0.0657673
0.0645615
0.0758241
0.061756
0.0608589
0.060841
0.0577514
0.0562817
0.057957
0.0589274
0.059297
0.0590231
0.058153
0.0569629
0.0580958
0.0568539
0.0588545
0.0588661
0.0572033
0.0575251
0.0570764
0.0663317
0.0535485
0.0559004
0.0585771
0.0559146
0.0568373
0.0574493
0.0575942
0.05726
0.0557856
0.0564206
0.0563558
0.0581062
0.0613984
0.0625268
0.0630695
0.0648731
0.0622613
0.062453
0.0627283
0.0715076
0.0654763
0.0614555
0.0627894
0.057754
0.0575864
0.0569932
0.0570397
0.0559366
0.0582816
0.0572612
0.0553717
0.0560052
0.0583457
0.0585324
0.0576071
0.056055
0.0572651
0.055659
0.0561616
0.056971
0.0562478
0.0550788
0.0630553
0.0538216
0.0572645
0.057087
0.0548509
0.0551586
0.0566921
0.0575451
0.0568178
0.0577404
0.055751
0.0557327
0.0553297
0.0562081
0.0573537
0.0585635
0.0618974
0.0639391
0.0623849
0.0617299
0.0652072
0.0647508
0.0617711
0.0600486
0.0571722
0.0561577
0.0595909
0.0593838
0.0573771
0.0578238
0.0554383
0.0578597
0.0545055
0.0550389
0.0551117
0.0578934
0.0556644
0.055277
0.055416
0.0552463
0.0558377
0.059436
0.0561921
0.0578415
0.0572419
0.0562525
0.0581673
0.055984
0.0559225
0.0583225
0.0639329
0.0584633
0.0542268
0.0581957
0.0574808
0.0598379
0.0569815
0.0553471
0.0561776
0.056233
0.0574115
0.0631895
0.0605677
0.0617295
0.0638776
0.0600109
0.0561407
0.0581729
0.0589191
0.0565397
0.0554021
0.0563967
0.0558425
0.0566128
0.0549353
0.0564882
0.0555748
0.0533867
0.0616013
0.0588915
0.053847
0.0565348
0.0559828
0.0570292
0.0556876
0.0556015
0.0569451
0.0555606
0.0554033
0.0612912
0.0576268
0.0555793
0.0558064
0.0560156
0.0556331
0.0570694
0.0608544
0.0582761
0.0570723
0.0592362
0.0586074
0.0556724
0.0567225
0.0565739
0.0569317
0.0547075
0.0553696
0.0553934
0.055669
0.0599029
0.0587577
0.0546093
0.0577718
0.0573828
0.0550497
0.057272
0.0582079
0.0597758
0.0605815
0.054034
0.0554166
0.0558083
0.0550921
0.0554017
0.0549719
0.0550584
0.057065
0.054938
0.0536836
0.0532411
0.0532302
0.0532842
0.0551621
0.0541998
0.0528297
0.0522413
0.0523192
0.0523231
0.0517404
0.0518069
0.0521139
0.0515115
0.0506226
0.0510107
0.0507979
0.0506933
0.050457
0.0504245
0.049963
0.0501296
0.0497546
0.0498245
0.0493782
0.0509239
0.0492875
0.0489006
0.0492574
0.0489832
0.0489409
0.0479018
0.0475538
0.0482848
0.0474099
0.0476396
0.0472078
0.0468611
0.0440003
0.0465046
0.046493
0.048229
0.0456527
0.0456597
0.0472919
0.0445486
0.0448037
0.0454071
0.0472304
0.0444839
0.0444836
0.0451515
0.044787
0.043756
0.0439746
0.0434065
0.0437943
0.0454225
0.0445237
0.0443605
0.0444912
0.0528556
0.0436822
0.044056
0.0438418
0.0417977
0.0434973
0.0437874
0.0431681
0.0407628
0.0431812
0.0406874
0.0403695
0.0428301
0.0422045
0.0398339
0.0398583
0.0394281
0.0419031
0.039335
0.039087
0.0408173
0.0385137
0.0405983
0.0388202
0.0385242
0.0399095
0.0383329
0.0377422
0.0376381
0.0371921
0.0370929
0.0370535
0.0368244
0.0365608
0.0380209
0.0371141
0.0360392
0.0353268
0.036244
0.0355704
0.0353608
0.0359814
0.0347489
0.0365303
0.0354186
0.0343666
0.0342714
0.0357407
0.0339257
0.0345135
0.0332891
0.03334
0.0329312
0.0307451
0.0343846
0.0322551
0.0325863
0.0318764
0.0319007
0.0318248
0.0316102
0.0314994
0.0310613
0.0310728
0.0322749
0.0403683
0.0277483
0.0326013
0.0299139
0.0318526
0.029857
0.0293582
0.0312277
0.0299915
0.0297411
0.0308611
0.0291454
0.0283026
0.030124
0.0300397
0.0301596
0.0295778
0.0280634
0.0291832
0.0272755
0.0290311
0.028502
0.0270381
0.0283482
0.0271409
0.0264157
0.0278957
0.0279708
0.0273881
0.0255285
0.0273675
0.0258338
0.0270847
0.0265253
0.0261882
0.0245662
0.0243215
0.0253509
0.0233715
0.0200258
